instance       k   desr_n desr_m desr_t desr_crit desr_sure sun_n sun_m sun_t   sun_crit
myciel3        4   11     20     0.1    1         1         NA    NA    NA      NA
myciel4        5   23     71     0.1    1         1         NA    NA    NA      NA
myciel5        6   47     236    0.2    1         1         47    236   0       0
myciel6        7   95     755    0.4    1         0         95    755   0.01    0
myciel7        8   191    2630   61.3   1         0         191   2360  11.46   0
mug88_1        4   88     146    0.1    1         1         88    146   0.03    0
mug88_25       4   88     146    0.1    1         1         88    146   0.02    0
mug100_1       4   100    166    0.1    1         1         100   166   0.03    0
mug100_25      4   100    166    0.1    1         1         100   166   0.03    0
1-Insertions_4 5   67     232    0.1    1         1         67    232   0.3     0
1-Insertions_5 6   202    1227   0.1    1         0         202   1227  0.23    0
1-Insertions_6 7   607    6337   99.7   1         0         607   6337  390.24  0
2-Insertions_3 4   37     72     0.1    1         1         NA    NA    NA      0
2-Insertions_4 5   149    541    0.3    1         0         149   541   0.04    0
2-Insertions_5 6   597    3936   16.0   1         0         597   3936  14.67   0
3-Insertions_3 4   56     110    0.4    1         1         56    110   0.02    0
3-Insertions_4 5   281    1046   0.8    1         0         281   1046  0.58    0
3-Insertions_5 6   1406   9695   541.8  1         0         1406  96957 1580.37 0
4-Insertions_3 4   79     156    0.6    1         0         79    256   0.02    0
4-Insertions_4 5   475    1795   1.5    1         0         475   1795  0.95    0
fpsol2.i.1     65  65     208    209.9  1         1         65    2080  21.93   0
fpsol2.i.2     30  30     435    20.0   1         1         30    435   3.33    0
fpsol2.i.3     30  30     435    52.5   1         1         30    435   4.34    0
inithx.i.1     54  54     1431   897.7  1         1         54    1431  38.13   0
inithx.i.2     31  31     465    10.2   1         1         31    465   0.99    0
inithx.i.3     31  31     465    14.2   1         1         31    465   1.9     0
mulsol.i.1     49  49     1176   4.4    1         1         49    1176  0.47    0
mulsol.i.2     31  31     465    6.4    1         1         31    465   0.5     0
mulsol.i.3     31  31     465    6.5    1         1         31    465   0.47    0
mulsol.i.4     31  31     465    6.8    1         1         31    465   0.37    0
mulsol.i.5     31  31     465    6.9    1         1         31    465   1.86    0
zeroin.i.1     49  49     1176   12.3   1         1         49    1176  0.45    0
zeroin.i.2     30  30     435    11.4   1         1         30    435   1.69    0
zeroin.i.3     30  30     435    5.6    1         1         30    435   1.68    0
le450_5a       5   5      10     10.7   1         1         5     10    2.24    0
le450_5b       5   5      10     13.4   1         1         5     10    2.48    0
le450_5c       5   5      10     17.8   1         1         5     10    2.33    0
le450_5d       5   5      10     16.7   1         1         5     10    3.67    0
le450_15a      15  15     105    10.8   1         1         15    105   1.39    0
le450_15b      15  15     105    6.0    1         1         15    105   1.4     0
le450_15c      15  15     105    44.5   1         1         15    105   6.8     0
le450_15d      15  15     105    29.3   1         1         15    105   5.39    0
le450_25a      25  25     300    14.4   1         1         25    300   3.34    0
le450_25b      25  25     300    13.2   1         1         25    300   3.14    0
le450_25c      25  25     300    18.2   1         1         25    300   4.07    0
le450_25d      25  25     300    17.9   1         1         25    300   6.65    0
school1        14  14     91     12.5   1         1         14    91    1.94    0
school1_nsh    14  14     91     30.2   1         1         14    91    1.19    0
anna           11  11     55     0.3    1         1         11    55    0.07    0
david          11  11     55     0.3    1         1         11    55    0.04    0
homer          13  13     78     0.8    1         1         13    78    0.23    0
huck           11  11     55     0.2    1         1         11    55    0.04    0
jean           10  10     45     14.2   1         1         10    45    0.09    0
games120       9   9      36     0.4    1         1         9     36    0.07    0
miles250       8   8      28     0.2    1         1         8     28    0.04    0
miles500       20  20     190    0.9    1         1         20    190   0.09    0
miles750       31  31     465    2.1    1         1         31    465   0.41    0
miles1000      42  42     861    3.0    1         1         42    861   1.33    0
miles1500      73  73     2628   3.2    1         1         73    2628  0.64    0
DSJC125.1      5   10     26     0.8    1         1         10    26    2.29    0
DSJC125.5      14  70     1341   92.7   0         1         66    1266  11.69   0
DSJC125.5      15  NA     NA     NA     NA        NA        82    1862  35.4    0
DSJC250.1      6   64     362    55.3   0         1         51    290   21.45   0
DSJC250.1      7   NA     NA     NA     NA        NA        120   983   134     0
DSJC250.5      14  74     1505   119.2  0         1         50    836   32.54   0
DSJC250.5      16  NA     NA     NA     NA        NA        75    1742  433.92  0
DSJC500.1      6   65     369    146.3  0         1         32    159   48.23   0
DSJC500.1      7   NA     NA     NA     NA        NA        19    617   353.06  0
DSJR500.1      12  12     66     3.8    1         1         12    66    41.23   0
DSJR500.1c     80  84     3477   1421.5 0         1         80    3160  153.96  0
DSJR500.1c     83  NA     NA     NA     NA        NA        83    3403  1280.19 0
DSJR500.5      90  90     4005   747.2  0         1         90    4005  15.78   0
DSJR500.5      119 NA     NA     NA     NA        NA        119   7021  29.08   0
queen5_5       5   5      10     0.5    1         1         NA    NA    NA      NA
queen6_6       7   22     119    1.6    1         1         24    140   1.24    0
queen7_7       7   7      21     0.5    1         1         NA    NA    NA      NA
queen8_8       9   54     538    25.2   0         1         53    519   2.6     0
queen8_12      12  12     66     1.9    1         1         NA    NA    NA      NA
queen9_9       10  75     897    27.6   0         1         72    869   920.45  0
queen10_10     10  10     45     3.8    1         1         NA    NA    NA      NA
queen12_12     12  12     66     3.5    1         1         NA    NA    NA      NA
queen13_13     13  13     78     2.6    1         1         NA    NA    NA      NA
queen14_14     14  14     91     6.8    1         1         NA    NA    NA      NA
queen15_15     15  15     105    6.4    1         1         NA    NA    NA      NA
queen16_16     16  16     120    6.7    1         1         NA    NA    NA      NA
ash331GPIA     4   9      16     3.2    1         1         7     12    287.08  0
1-FullIns_3    4   7      12     0.2    1         1         7     12    0.09    0
1-FullIns_4    5   15     43     0.5    1         1         15    43    0.32    0
1-FullIns_5    6   31     144    14.6   1         1         31    144   2.10    0
2-FullIns_3    5   9      22     0.2    1         1         9     22    0.09    0
2-FullIns_4    6   19     75     0.5    1         1         19    75    0.58    0
2-FullIns_5    7   39     244    26.6   1         1         39    244   22.4    0
3-FullIns_3    6   11     35     0.3    1         1         11    35    0.15    0
3-FullIns_4    7   23     116    2.5    1         1         23    116   3.38    0
3-FullIns_5    8   47     371    157.2  0         1         47    371   396.26  0
4-FullIns_3    7   13     51     0.4    1         1         13    51    0.25    0
4-FullIns_4    8   27     166    24.6   1         1         24    166   15.35   0
5-FullIns_3    8   15     70     2.4    1         1         15    70    0.47    0