
       instance   k  n_red   m_red     n       m  heu_timelimit  exact_timelimit  do_confirm_crit  confirm_timelimit    R  reltg_size  do_heu   ss  ss_gen_1st  ss_fin_1st  chroma_k_early  chroma_k  crit_early  crit  edges     time  time_pp  time_confirm_crit  time_color  iter      ttb  itb  max_iter_diff  ss_fin_avg  ss_gen_avg  ss_gen_best  num_size_att  heu_mistakes  num_pp  avg_pp_reduced  avg_pp_skipped  calls_to_coloring  num_gen_subsets  infeas  clique_start  color_not_ok  seed
    4-FullIns_5   8   4146   77305  4146   77305            0.5                1                1               7200  200        1.08       1   27        4146          40               1         1           1     1    166  7201.09  140.001          1.136e-06     122.838  2731  14.4383    1              1   0.0719451    0.111379           39          4585             0    1847         15.2225         7.65566             778217           712988       0             6             0     1
    4-FullIns_5   8   4146   77305  4146   77305            0.5                1                1               7200  200        1.08       1   27        4146          44               1         1           1     1    166  7200.07  268.587           4.81e-07     386.003  2523   13.538    1              1   0.0866099    0.134779           40          4677             0    2143         15.5511         7.73122             768485           691849       0             6             0     2
    4-FullIns_5   8   4146   77305  4146   77305            0.5                1                1               7200  200        1.08       1   27        4146          46               1         1           1     1    166  7200.39  156.972        8.25999e-07     231.343  2616  14.5642    1              1   0.0771756    0.119688           39          4573             0    1944         15.3632          7.7037             771636           702528       0             6             0     3
    4-FullIns_5   8   4146   77305  4146   77305            0.5                1                1               7200  200        1.08       1   27        4146          52               1         1           1     1    166  7200.16  136.317            5.2e-07     122.454  2763  26.2859    3              2   0.0666048    0.103143           39          4499             0    1715         15.2023         7.72303             773862           713552       0             6             0     4
    4-FullIns_5   8   4146   77305  4146   77305            0.5                1                1               7200  200        1.08       1   27        4146          33               1         1           1     1    166  7200.07  18.6178          1.295e-06     104.422  3834  12.3915    1              1    0.010415   0.0138428           33          4147             0     308         8.89286         8.46104             807498           799043       0             6             0     5
    4-FullIns_5   8   4146   77305  4146   77305            0.5                1                1               7200  200        1.08       1   27        4146          47               1         1           1     1    166  7200.21  162.296            9.1e-07     127.302  2530  16.6935    1              1   0.0824139    0.128373           40          4587             0    2044         15.5494          7.6502             764685           691546       0             6             0     6
    4-FullIns_5   8   4146   77305  4146   77305            0.5                1                1               7200  200        1.08       1   27        4146          43               1         1           1     1    166  7200.06  147.803          1.186e-06     123.888  2608  13.1828    1              1   0.0763075    0.118475           39          4519             0    1901         15.3982         7.63651             761918           694191       0             6             0     7
    4-FullIns_5   8   4146   77305  4146   77305            0.5                1                1               7200  200        1.08       1   27        4146          40               1         1           1     1    166  7200.06  116.015           8.39e-07      118.69  2801  14.7336    1              1   0.0593665   0.0915465           39          4313             0    1504         15.0013         7.61436             753810           701119       0             6             0     8
    4-FullIns_5   8   4146   77305  4146   77305            0.5                1                1               7200  200        1.08       1   27        4146          44               1         1           1     1    166  7200.01  119.058           3.86e-07     128.864  3357   22.871    3              2   0.0660391    0.102142           39          5418             0    2050          15.158         7.55415             933130           860702       0             6             0     9
    4-FullIns_5   8   4146   77305  4146   77305            0.5                1                1               7200  200        1.08       1   27        4146          45               1         1           1     1    166     7200  102.989           5.86e-07     128.006  3378  13.7081    1              1   0.0649347    0.100416           39          5408             0    2018         15.1467          7.5887             932657           861466       0             6             0    10
     abb313GPIA   9   1552   53344  1557   53356            0.5                1                1               7200  200        1.08       1   22        1552          90               1         1           0     1    147     7200  6408.29          0.0351358     6629.38   410  266.341   32             27    0.081741    0.310608           90           837             0     409         68.7311        0.564792             160670           122827       0             8             0     1
     abb313GPIA   9   1552   53344  1557   53356            0.5                1                1               7200  200        1.08       1   25        1552         121               1         1           1     1    186     7200  6470.14        3.68001e-07     6690.54   380  36.3421    2              1   0.0833805    0.319311           94           779             0     379          69.343        0.572559             146673           111393       0             8             0     2
     abb313GPIA   9   1552   53344  1557   53356            0.5                1                1               7200  200        1.08       1   23        1552          79               1         1           1     1    163     7200  5173.69           2.76e-07     5452.99  2084  25.7985    7              3   0.0177983   0.0641864           79          2431             0     339         62.0442         1.26549             482009           453414       0             8             0     3
     abb313GPIA   9   1552   53344  1557   53356            0.5                1                1               7200  200        1.08       1   22        1552          89               1         1           0     1    143     7200  6568.96          0.0309534     6762.11   343  4455.73  215            210   0.0808768     0.30889           88           694             0     339          68.885        0.525074             133800           102415       0             8             0     4
     abb313GPIA   9   1552   53344  1557   53356            0.5                1                1               7200  200        1.08       1   23        1552          81               1         1           1     1    161     7200     4776           2.55e-07     5453.52  1666   15.127    1              1   0.0729229    0.239132           74          3065             0    1390         54.9511         0.38705             568833           459554       0             8             0     5
     abb313GPIA   9   1552   53344  1557   53356            0.5                1                1               7200  200        1.08       1   23        1552         101               1         1           1     1    157     7200  6374.87            4.6e-07     6644.06   442  109.486   16             15   0.0831925    0.315719           88           903             0     435         68.6552        0.554023             168671           128437       0             8             0     6
     abb313GPIA   9   1552   53344  1557   53356            0.5                1                1               7200  200        1.08       1   23        1552          87               1         1           1     1    157     7200  6225.76           2.85e-07     6503.44   585  17.7268    1              1   0.0729463    0.275152           87          1085             0     490         67.9531        0.518367             209631           164669       0             8             0     7
     abb313GPIA   9   1552   53344  1557   53356            0.5                1                1               7200  200        1.08       1   23        1552          77               1         1           1     1    161     7200  4517.34           6.67e-07     4871.22  2887  14.3091    1              1   0.0166026   0.0583969           77          3331             0     436         59.6193         1.17661             657758           621951       0             8             0     8
     abb313GPIA   9   1552   53344  1557   53356            0.5                1                1               7200  200        1.08       1   24        1552         100               1         1           1     1    172     7200  6448.96           3.22e-07     6693.19   402  71.9035    8              5    0.083468    0.316397           91           825             0     401         68.6384        0.553616             155260           118165       0             8             0     9
     abb313GPIA   9   1552   53344  1557   53356            0.5                1                1               7200  200        1.08       1   22        1552          92               1         1           0     1    150     7200  6500.83          0.0334167     6718.35   385  59.3949    8              6   0.0830307    0.316029           88           780             0     380         68.8842        0.505263             147596           112344       0             8             0    10
      DSJC250.1   7    250    3218   250    3218            0.5                1                1               7200  200        1.08       1  105         250         107               0         0           1     1    866     7200  3488.48            707.887     7027.01   500   486.76   31             28    0.376804    0.381098          104          1020             0     499          1.2004               0             192598           139489       0             4             0     1
      DSJC250.1   7    250    3218   250    3218            0.5                1                1               7200  200        1.08       1  104         250         107               0         0           1     1    852     7200  3489.11            264.879      7030.5   492  1854.66  122            102    0.377602    0.382004          104          1003             0     491         1.22811               0             189222           136996       0             4             0     2
      DSJC250.1   7    250    3218   250    3218            0.5                1                1               7200  200        1.08       1  104         250         106               0         0           1     1    852     7200  3457.52            637.737      7028.5   490  5269.23  357            279    0.371784    0.376253          104           998             0     489         1.26585               0             190527           138516       0             4             0     3
      DSJC250.1   7    250    3218   250    3218            0.5                1                1               7200  200        1.08       1  105         250         107               0         0           1     1    870     7200  3411.65            200.576     7026.85   492  264.843   16             10    0.370322    0.374414          104          1003             0     491         1.16497               0             192021           139789       0             4             0     4
      DSJC250.1   7    250    3218   250    3218            0.5                1                1               7200  200        1.08       1  105         250         106               0         0           1     1    858     7200  3433.24             60.465     7032.12   499   1765.4  120            103    0.381476    0.385681          105          1016             0     498         1.16265               0             190682           137668       0             4             0     5
      DSJC250.1   7    250    3218   250    3218            0.5                1                1               7200  200        1.08       1  105         250         107               0         0           1     1    865     7200  3437.65            20.0146     7035.08   488  602.732   37             23    0.376372    0.380986          105           996             0     487         1.29158               0             188192           136349       0             4             0     6
      DSJC250.1   7    250    3218   250    3218            0.5                1                1               7200  200        1.08       1  105         250         106               0         0           1     1    863     7200  3458.84            102.545     7028.85   505  1185.42   79             78    0.377575    0.381848          104          1026             0     504         1.19246               0             194231           140637       0             4             0     7
      DSJC250.1   7    250    3218   250    3218            0.5                1                1               7200  200        1.08       1  104         250         106               0         0           1     1    856     7200  3496.94            640.417      7029.3   498  4216.85  293            279     0.37371    0.378183          104          1013             0     497         1.25956               0             192799           139964       0             4             0     8
      DSJC250.1   7    250    3218   250    3218            0.5                1                1               7200  200        1.08       1  104         250         107               0         0           1     1    854     7200  3534.72            1352.83      7031.9   495  2665.54  181            171    0.377044    0.381171          104          1009             0     494         1.15385               0             190701           138106       0             4             0     9
      DSJC250.1   7    250    3218   250    3218            0.5                1                1               7200  200        1.08       1  104         250         107               0         0           1     1    853     7200  3477.05            205.438     7021.16   492  6544.16  443            422    0.372406    0.376588          104          1004             0     491          1.1833               0             191165           138913       0             4             0    10
latin_square_10  91    900  307350   900  307350            0.5                1                1               7200  200        1.08       1  228         900         231               0         0           1     1  24371  7200.01  5146.22               7200     6201.41   288   1539.8   60             51    0.775278    0.786253          227           604             0     287           3.223         27.4495             142652            84282       0            90             0     1
latin_square_10  91    900  307350   900  307350            0.5                1                1               7200  200        1.08       1  229         900         230               0         0           1     1  24602     7200  5157.51               7200     6196.09   287   2944.9  113             87    0.771898    0.782266          228           597             0     286         3.05944          27.014             142486            84392       0            90             0     2
latin_square_10  91    900  307350   900  307350            0.5                1                1               7200  200        1.08       1  229         900         230               0         0           1     1  24578  7200.01  5168.25               7200     6211.51   292  1702.12   65             49    0.790755    0.801563          228           611             0     291          3.1134         27.7388             142845            83830       0            90             0     3
latin_square_10  91    900  307350   900  307350            0.5                1                1               7200  200        1.08       1  228         900         231               0         0           1     1  24295     7200   5250.8               7200      6241.9   281  2233.38   86             42    0.784531    0.796048          227           587             0     280         3.33929         26.6857             138175            81181       0            90             0     4
latin_square_10  91    900  307350   900  307350            0.5                1                1               7200  200        1.08       1  229         900         231               0         0           1     1  24567  7200.01  5124.55               7200     6204.06   288   1523.5   58             53    0.777547     0.78781          228           601             0     287         3.01045         28.0418             142225            84184       0            90             0     5
latin_square_10  91    900  307350   900  307350            0.5                1                1               7200  200        1.08       1  229         900         232               0         0           1     1  24602  7200.01   5194.6               7200     6221.15   283  1287.72   47             45    0.780662    0.791824          228           593             0     282         3.25532         27.0319             139704            82243       0            90             0     6
latin_square_10  91    900  307350   900  307350            0.5                1                1               7200  200        1.08       1  229         900         229               0         0           1     1  24541     7200  5160.77               7200     6209.55   285  1136.22   43             32    0.781341    0.793136          228           594             0     284         3.43662         27.5282             140514            82750       0            90             0     7
latin_square_10  91    900  307350   900  307350            0.5                1                1               7200  200        1.08       1  229         900         234               0         0           1     1  24512  7200.01  5128.89               7200     6193.83   293  1328.99   52             36    0.785364    0.795665          226           612             0     292         2.98973         27.3048             144065            84748       0            90             0     8
latin_square_10  91    900  307350   900  307350            0.5                1                1               7200  200        1.08       1  228         900         234               0         0           1     1  24365  7200.01  5190.16               7200     6217.78   285  3141.11  123            110    0.782278    0.793203          228           597             0     284         3.17958         27.5106             140191            82656       0            90             0     9
latin_square_10  91    900  307350   900  307350            0.5                1                1               7200  200        1.08       1  229         900         232               0         0           1     1  24542  7200.01  5144.09               7200     6215.26   291  3149.17  123            105    0.795848    0.806391          226           610             0     290         3.02069         28.4448             141743            83085       0            90             0    10
         wap01a  42   1760   91229  2368  110871            0.5                1                1               7200  200        1.08       1  267        1760         285               0         0           1     1  12534  7200.01  4492.35               7200     6468.17   161  2873.94   59             31    0.861466     0.87524          266           367             0     160         4.25625         32.6313              87392            49439       0            41             0     1
         wap01a  42   1760   91229  2368  110871            0.5                1                1               7200  200        1.08       1  265        1760         265               0         0           1     1  12319  7200.01     4587               7200     6505.87   155   87.652    1              1    0.881027    0.898316          265           335             0     154         5.25325         31.3701              83807            46792       0            40             0     2
         wap01a  42   1760   91229  2368  110871            0.5                1                1               7200  200        1.08       1  270        1760         285               0         0           1     1  12423  7200.01   4568.8               7200     6506.84   152  3942.86   79             34    0.869926    0.886864          267           343             0     151         5.21192         28.2252              83136            46466       0            40             0     3
         wap01a  42   1760   91229  2368  110871            0.5                1                1               7200  200        1.08       1  268        1760         268               0         0           1     1  12317  7200.01  4597.14               7200     6503.76   155  84.8599    1              1    0.875658    0.891508          268           335             0     154         4.85065         29.3831              84592            47128       0            41             0     4
         wap01a  42   1760   91229  2368  110871            0.5                1                1               7200  200        1.08       1  268        1760         272               0         0           1     1  12648  7200.02  4594.46               7200     6517.53   155  3348.32   68             32    0.896271    0.914428          268           338             0     154         5.42857          36.974              82384            46043       0            40             0     5
         wap01a  42   1760   91229  2368  110871            0.5                1                1               7200  200        1.08       1  270        1760         269               0         0           1     1  12807  7200.01  4584.83               7200     6501.08   154  4335.84   90             86    0.872758     0.88984          268           331             0     153         5.24183         30.9346              83739            46950       0            40             0     6
         wap01a  42   1760   91229  2368  110871            0.5                1                1               7200  200        1.08       1  269        1760         267               0         0           1     1  12646     7200  4541.61               7200     6477.78   159  6888.53  150            102    0.868832    0.884622          267           345             0     158         4.86076         33.1582              86158            48640       0            40             0     7
         wap01a  42   1760   91229  2368  110871            0.5                1                1               7200  200        1.08       1  262        1760         262               0         0           1     1  12077  7200.01  4527.51               7200     6474.53   158  83.4563    1              1    0.862037    0.877955          262           336             0     157         4.93631         34.1274              85842            48687       0            41             0     8
         wap01a  42   1760   91229  2368  110871            0.5                1                1               7200  200        1.08       1  269        1760         268               0         0           1     1  12674     7200  4556.48               7200     6487.67   154  5922.74  125             96    0.848084    0.865242          268           336             0     153         5.41176         31.9935              84890            48257       0            40             0     9
         wap01a  42   1760   91229  2368  110871            0.5                1                1               7200  200        1.08       1  270        1760         273               0         0           1     1  12808  7200.01  4539.46               7200     6506.35   154  7200.01  153            115    0.877201    0.893291          269           342             0     153         4.92157         30.6536              83646            46800       0            40             0    10
         wap02a  41   1698   86519  2464  111742            0.5                1                1               7200  200        1.08       1  362        1698         368               0         0           1     1  17452  7200.01  3985.21         0.00731617      6331.4   139  3033.86   54             32     1.16303     1.17395          362           319             0     138         3.43478         2.52174              93692            43427       0            40             0     1
         wap02a  41   1698   86519  2464  111742            0.5                1                1               7200  200        1.08       1  358        1698         370               0         0           1     1  13511     7200  4011.52               7200     6320.37   141  4468.86   81             25     1.14023     1.15069          353           328             0     140         3.32857         2.87857              95202            44541       0            40             0     2
         wap02a  41   1698   86519  2464  111742            0.5                1                1               7200  200        1.08       1  364        1698         353               0         0           1     1  13808     7200  4064.31               7200     6338.88   141  4431.27   83             41     1.19976     1.21131          353           301             0     139         3.53237         2.81295              93272            42525       0            40             0     3
         wap02a  41   1698   86519  2464  111742            0.5                1                1               7200  200        1.08       1  367        1698         380               0         0           1     1  17635     7200  4014.13               7200     6342.43   135  6028.49  109             57     1.18915     1.20104          362           320             0     134         3.69403         2.47015              90908            41603       0            40             0     4
         wap02a  41   1698   86519  2464  111742            0.5                1                1               7200  200        1.08       1  367        1698         358               0         0           1     1  17766     7200  3986.68               7200     6327.68   137  6138.46  114             50     1.17284     1.18381          358           304             0     136         3.44853         2.94118              92614            42761       0            40             0     5
         wap02a  41   1698   86519  2464  111742            0.5                1                1               7200  200        1.08       1  368        1698         353               0         0           1     1  17817     7200  4069.63               7200     6388.34   136  3587.87   66             32     1.18929     1.20156          353           292             0     132         3.81818         2.78788              89689            41074       0            40             0     6
         wap02a  41   1698   86519  2464  111742            0.5                1                1               7200  200        1.08       1  359        1698         353               0         0           1     1  17364  7200.01   3951.9               7200     6307.48   141  6361.58  121             44     1.13854     1.14852          353           315             0     140         3.19286             2.6              95689            44802       0            40             0     7
         wap02a  41   1698   86519  2464  111742            0.5                1                1               7200  200        1.08       1  367        1698         365               0         0           1     1  13617     7200  3996.89         0.00775817      6358.9   131  4160.64   73             25     1.18351     1.19433          365           295             0     130             3.4         1.99231              89099            40837       0            40             0     8
         wap02a  41   1698   86519  2464  111742            0.5                1                1               7200  200        1.08       1  360        1698         353               0         0           1     1  13603  7200.01  4020.84               7200     6343.97   134  6774.03  124             69     1.15091     1.16269          353           298             0     132         3.77273          2.7803              90917            42284       0            40             0     9
         wap02a  41   1698   86519  2464  111742            0.5                1                1               7200  200        1.08       1  359        1698         375               0         0           1     1  13602  7200.01  3916.67               7200     6273.55   142  2070.38   34             12     1.13374     1.14412          358           336             0     141         3.31915         3.21277              95839            45079       0            40             0    10
         wap07a  41   1605   96780  1809  103368            0.5                1                1               7200  200        1.08       1  210        1605         229               0         0           1     1   8166  7200.01  5384.63               7200     6241.13   269   4666.2  163             65    0.660781    0.720974          206           562             0     259         18.4672         24.1853             130345            79462       0            40             0     1
         wap07a  41   1605   96780  1809  103368            0.5                1                1               7200  200        1.08       1  214        1605         216               0         0           1     1   8412     7200  5415.48               7200     6265.08   261  1192.96   40             23    0.673953    0.734203          212           545             0     256         18.2617         24.0156             128199            77593       0            40             0     2
         wap07a  41   1605   96780  1809  103368            0.5                1                1               7200  200        1.08       1  210        1605         222               0         0           1     1   8217  7200.01  5482.05               7200     6290.85   264  1394.69   46             15    0.658842    0.724558          210           535             0     249         20.0361         22.4739             125102            75918       0            40             0     3
         wap07a  41   1605   96780  1809  103368            0.5                1                1               7200  200        1.08       1  213        1605         219               0         0           1     1   8284     7200  5358.56               7200     6222.48   270  4939.79  186            128    0.677208    0.734533          211           562             0     269         17.3048         25.5725             133949            81204       0            40             0     4
         wap07a  41   1605   96780  1809  103368            0.5                1                1               7200  200        1.08       1  193        1605         179               0         0           1     1   7079     7200  1878.39               7200     3513.67  1716  970.934  239            127   0.0842526   0.0879436          179          1889             0     164         8.13415         30.1402             388267           361425       0            40             0     5
         wap07a  41   1605   96780  1809  103368            0.5                1                1               7200  200        1.08       1  211        1605         216               0         0           1     1   8318     7200  5442.54               7200     6236.35   257  3748.53  129             52    0.657986     0.72041          210           526             0     250           19.08          24.224             125320            76412       0            40             0     6
         wap07a  41   1605   96780  1809  103368            0.5                1                1               7200  200        1.08       1  212        1605         221               0         0           1     1   8307  7200.01  5410.15               7200     6209.62   267  1695.93   55             25    0.623296    0.683956          206           549             0     251         19.2709         23.0279             128317            79739       0            40             0     7
         wap07a  41   1605   96780  1809  103368            0.5                1                1               7200  200        1.08       1  210        1605         232               0         0           1     1   8211     7200  5371.84               7200     6198.07   262  3438.96  122             60    0.646087    0.705306          208           571             0     261         18.2759         23.7931             130999            80548       0            40             0     8
         wap07a  41   1605   96780  1809  103368            0.5                1                1               7200  200        1.08       1  216        1605         230               0         0           1     1   8589     7200  5419.85               7200     6274.65   252  1715.33   53             24     0.69258    0.755562          215           540             0     251         18.6534         25.8486             123803            74338       0            40             0     9
         wap07a  41   1605   96780  1809  103368            0.5                1                1               7200  200        1.08       1  213        1605         206               0         0           1     1   8375  7200.01  5540.95               7200      6277.6   267  1885.04   72             50    0.647821     0.71319          206           542             0     257         19.7588          23.144             126960            77682       0            40             0    10
         wap08a  41   1598   95118  1870  104176            0.5                1                1               7200  200        1.08       1  536        1598         550               0         0           1     1  27979  7200.03  3747.96               7200     5666.36    90  4191.99   46             21     1.49243     1.50516          529           250             0      89         4.57303         7.32584              79215            31950       0            40             0     1
         wap08a  41   1598   95118  1870  104176            0.5                1                1               7200  200        1.08       1  473        1598         473               0         0           1     1  23379  7200.01  3210.29               7200     5288.32   176  132.127    1              1     1.04578     1.05161          473           283             0      95         2.82105         18.0842              92187            46020       0            40             0     2
         wap08a  41   1598   95118  1870  104176            0.5                1                1               7200  200        1.08       1  521        1598         486               0         0           1     1  27041  7200.02  3324.43               7200     5355.67   145   5365.5  105             90     1.20114     1.20732          486           250             0      93         2.67742         14.9892              87235            40315       0            40             0     3
         wap08a  41   1598   95118  1870  104176            0.5                1                1               7200  200        1.08       1  533        1598         505               0         0           1     1  27584  7200.02  3949.35               7200     5696.52   104  5698.17   81             38     1.65589     1.66912          505           221             0      96         4.27083         10.3438              81537            30990       0            40             0     4
         wap08a  41   1598   95118  1870  104176            0.5                1                1               7200  200        1.08       1  530        1598         552               0         0           1     1  27449  7200.02  3614.84               7200     5606.22    92  7200.02   91             35     1.46928     1.48069          530           263             0      91         4.15385         11.5495              80634            33142       0            40             0     5
         wap08a  41   1598   95118  1870  104176            0.5                1                1               7200  200        1.08       1  532        1598         537               0         0           1     1  27523  7200.01  3736.68               7200     5631.42    92  3872.99   43             13      1.5273     1.53822          532           235             0      91         3.84615         10.2198              80210            32048       0            40             0     6
         wap08a  41   1598   95118  1870  104176            0.5                1                1               7200  200        1.08       1  536        1598         541               0         0           1     1  27992     7200  3796.94               7200     5683.61    91  5355.84   63             25     1.57076     1.58429          535           238             0      90         4.64444         9.53333              78959            30906       0            40             0     7
         wap08a  41   1598   95118  1870  104176            0.5                1                1               7200  200        1.08       1  529        1598         565               0         0           1     1  27143     7200  3649.83               7200     5628.97    91  6870.89   85             52     1.47191     1.48111          528           275             0      90         3.34444         8.56667              80094            32735       0            39             0     8
         wap08a  41   1598   95118  1870  104176            0.5                1                1               7200  200        1.08       1  527        1598         545               0         0           1     1  27287  7200.01  3752.34               7200     5659.28    92  6668.57   82             21     1.54843     1.56021          527           255             0      91          4.0989         8.32967              79753            31654       0            40             0     9
         wap08a  41   1598   95118  1870  104176            0.5                1                1               7200  200        1.08       1  536        1598         535               0         0           1     1  27895  7200.01  3803.42               7200     5672.85    93  3211.65   36             27     1.56941     1.58443          533           242             0      92          5.1413         11.6413              80321            31494       0            40             0    10
    4-FullIns_5   9   4146   77305  4146   77305            0.5                1                1               7200  200        1.08       1   55        4146          92               1         1           1     1    525     7200  3522.68        5.22999e-07     3837.16   764  33.3546    1              1    0.187917     0.30791           87          1546             0     763         35.1389         8.47313             285713           223439       0             6             0     1
    4-FullIns_5   9   4146   77305  4146   77305            0.5                1                1               7200  200        1.08       1   55        4146          90               1         1           1     1    525     7200  3405.01        3.91999e-07     3599.69   798  32.5454    1              1    0.187941    0.307688           85          1603             0     788         35.0482          8.3731             294988           230636       0             6             0     2
    4-FullIns_5   9   4146   77305  4146   77305            0.5                1                1               7200  200        1.08       1   55        4146          87               1         1           1     1    525     7200  3461.17           3.34e-07     3732.96   781  30.4249    1              1    0.189746    0.310985           87          1575             0     780         35.1679         8.26923             290095           226255       0             6             0     3
    4-FullIns_5   9   4146   77305  4146   77305            0.5                1                1               7200  200        1.08       1   55        4146          87               1         1           1     1    525  7200.01  3456.59           3.99e-07     3672.81   788  27.1117    1              1     0.19087      0.3135           87          1587             0     787         35.3558         8.33291             291420           226903       0             6             0     4
    4-FullIns_5   9   4146   77305  4146   77305            0.5                1                1               7200  200        1.08       1   55        4146          88               1         1           1     1    525     7200  3432.76           3.13e-07     3673.31   786  28.4242    1              1    0.189996    0.311114           87          1584             0     785         35.0904          8.3121             291585           227431       0             6             0     5
    4-FullIns_5   9   4146   77305  4146   77305            0.5                1                1               7200  200        1.08       1   55        4146          92               1         1           1     1    525     7200  3461.97           3.82e-07     3731.34   785  26.9111    1              1    0.191525    0.314096           87          1587             0     783         35.2401         8.23116             289351           225119       0             6             0     6
    4-FullIns_5   9   4146   77305  4146   77305            0.5                1                1               7200  200        1.08       1   55        4146          89               1         1           1     1    525     7200  3432.11        4.03001e-07     3629.39   790  34.2363    1              1     0.19012    0.311793           87          1597             0     789          35.199         8.32826             292844           228251       0             6             0     7
    4-FullIns_5   9   4146   77305  4146   77305            0.5                1                1               7200  200        1.08       1   55        4146          89               1         1           1     1    525  7200.01  3439.14           7.82e-07     3657.02   783  33.5769    1              1    0.188154    0.308117           87          1579             0     781         35.0973          8.4379             292215           228494       0             6             0     8
    4-FullIns_5   9   4146   77305  4146   77305            0.5                1                1               7200  200        1.08       1   55        4146          92               1         1           1     1    525     7200  3576.46           3.88e-07     3795.03   810  26.6603    1              1    0.188792     0.30995           87          1635             0     809         35.3201         8.33498             302126           235841       0             6             0     9
    4-FullIns_5   9   4146   77305  4146   77305            0.5                1                1               7200  200        1.08       1   55        4146          91               1         1           1     1    525  7200.01  3668.05           3.39e-07     4011.44   801  24.7896    1              1    0.189325    0.310058           86          1617             0     798         35.1015         8.56767             297017           232008       0             6             0    10
         wap03a  41   4090  263417  4730  286722            0.5                1                1               7200  200        1.08       1  351        4090         355               0         0           1     1  14936     7200  3063.95               7200     3823.91   184  3709.36   88             46     1.13409     1.14787          348           408             0     181         4.28729        0.248619             120526            56299       0            40             0     1
         wap03a  41   4090  263417  4730  286722            0.5                1                1               7200  200        1.08       1  353        4090         364               0         0           1     1  15378     7200  3032.78               7200     3804.06   181   1632.5   33             11     1.10725     1.12064          345           411             0     180         4.26111        0.411111             121292            57296       0            40             0     2
         wap03a  41   4090  263417  4730  286722            0.5                1                1               7200  200        1.08       1  353        4090         333               0         0           1     1  13171  7200.01  3005.02         0.00823524     3766.45   199  6855.67  189             73     1.08681     1.10006          333           397             0     179         4.29609        0.318436             121506            58023       0            40             0     3
         wap03a  41   4090  263417  4730  286722            0.5                1                1               7200  200        1.08       1  339        4090         407               0         0           0     0  14491  7200.01  2994.53               7200     3827.14   171  4089.06   85             34      1.0672     1.08222          347           433             0     170         4.98235        0.482353             117102            56399       0            40             0     4
         wap03a  41   4090  263417  4730  286722            0.5                1                1               7200  200        1.08       1  353        4090         405               0         0           1     1  15377  7200.01  3035.54               7200     3903.02   177     7200  176            108     1.08319     1.09806          347           449             0     176         4.88068        0.136364             120855            57783       0            40             0     5
         wap03a  41   4090  263417  4730  286722            0.5                1                1               7200  200        1.08       1  353        4090         350               0         0           1     1  13322     7200  3017.63               7200     3788.86   181  6324.38  156            101     1.12309     1.13677          348           398             0     180         4.31111        0.661111             120901            56732       0            40             0     6
         wap03a  41   4090  263417  4730  286722            0.5                1                1               7200  200        1.08       1  345        4090         324               0         0           1     1  14473  7200.05  2620.91               7200     3405.01   243  5915.33  197             90    0.905453    0.914629          324           425             0     172         3.49419        0.343023             125003            65502       0            40             0     7
         wap03a  41   4090  263417  4730  286722            0.5                1                1               7200  200        1.08       1  354        4090         342               0         0           1     1  14571  7200.02  3224.94         0.00983191     3959.13   189  5324.62  136            135     1.20386     1.21968          342           397             0     187          4.6631        0.331551             122025            55130       0            40             0     8
         wap03a  41   4090  263417  4730  286722            0.5                1                1               7200  200        1.08       1  352        4090         364               0         0           1     1  13919  7200.04  3125.85               7200     3896.78   187  4797.88  120             67     1.16177     1.17631          349           422             0     186         4.41935        0.327957             122651            56549       0            40             0     9
         wap03a  41   4090  263417  4730  286722            0.5                1                1               7200  200        1.08       1  351        4090         350               0         0           1     1  14983  7200.02  3173.09               7200     3936.61   190  5568.51  145             87     1.15744     1.17193          350           411             0     189         4.40741        0.433862             124549            57525       0            40             0    10
         wap04a  41   4032  251649  5231  294902            0.5                1                1               7200  200        1.08       1  618        4032         605               0         0           1     1  29581  7200.01  3482.68               7200     4447.13    67  7200.01   66             44     1.58782     1.61257          605           181             0      66         9.60606         9.25758              65744            25620       0            40             0     1
         wap04a  41   4032  251649  5231  294902            0.5                1                1               7200  200        1.08       1  620        4032         622               0         0           1     1  28635  7200.02   3448.7               7200     4485.53    65  6047.64   52             17     1.59691     1.61859          612           200             0      64         8.46875         9.04688              64365            25002       0            40             0     2
         wap04a  41   4032  251649  5231  294902            0.5                1                1               7200  200        1.08       1  578        4032         639               0         0           0     0  26494     7200  3506.19               7200     4548.32    61  7077.82   59             25     1.53015     1.55797          617           205             0      60           11.25         12.4667              61014            24261       0            40             0     3
         wap04a  41   4032  251649  5231  294902            0.5                1                1               7200  200        1.08       1  613        4032         603               0         0           1     1  30125     7200  3553.78               7200     4503.71    69     7200   68             33     1.68948     1.71179          603           189             0      68         8.19118         7.79412              66546            24961       0            40             0     4
         wap04a  41   4032  251649  5231  294902            0.5                1                1               7200  200        1.08       1  598        4032         614               0         0           0     0  27786  7200.02   3610.8               7200     4601.93    63  5071.82   42             32     1.64154     1.66717          614           181             0      62         9.80645         7.29032              62815            23721       0            40             0     5
         wap04a  41   4032  251649  5231  294902            0.5                1                1               7200  200        1.08       1  634        4032         653               0         0           1     1  31922  7200.06  3502.54               7200     4595.59    63  7200.06   62             37     1.65707     1.68327          630           210             0      62         9.93548         10.5806              61799            23512       0            40             0     6
         wap04a  41   4032  251649  5231  294902            0.5                1                1               7200  200        1.08       1  635        4032         638               0         0           1     1  30902     7200  3435.24               7200     4522.78    63  4217.48   33             17     1.62154        1.64          625           200             0      62         7.17742          7.8871              62858            24100       0            40             0     7
         wap04a  41   4032  251649  5231  294902            0.5                1                1               7200  200        1.08       1  625        4032         642               0         0           1     1  30036  7200.02  3490.22               7200     4575.71    62  7200.02   61             29     1.60736     1.62892          624           204             0      61         8.42623         8.06557              61665            23844       0            40             0     8
         wap04a  41   4032  251649  5231  294902            0.5                1                1               7200  200        1.08       1  624        4032         625               0         0           1     1  30002  7200.02  3557.18               7200     4547.72    66  7200.02   65             29     1.69097     1.71301          622           194             0      65         8.15385             9.2              64491            24043       0            40             0     9
         wap04a  41   4032  251649  5231  294902            0.5                1                1               7200  200        1.08       1  589        4032         546               0         0           1     1  29059     7200  2505.34               7200     3564.92   145  2935.07   52             48    0.830277    0.842944          546           211             0      53         8.84906         10.9811              67330            37025       0            40             0    10